  x: 33.8287773132
  y: 1.1210308075
  z: 1.43551516533
same direction when get in
